6778585
12447060
12012014
3935446
13898235
5820191
52549
11599709
469207
4386296
5882396
16389351
10868400
16127771
4867851
13635751
14973822
8024546
8769734
3197063
15336246
14761044
8493841
289759
15762469
7209612
3050921
12886723
9572624
10498392
824234
12017462
5106964
1021534
13631891
14359595
11792932
16513485
6415807
10668131
11381040
9928302
6702659
2385866
4887506
12067864
16088461
8615649
12651880
1713206
15232829
2254287
11589929
16384133
15288438
5179931
11089262
14653704
8858828
15611595
12716330
9355278
3952509
11284363
6325189
976771
14464539
5886740
2842776
7700751
16669547
3663223
1742205
10141163
15895549
7470713
7791730
6987749
5557325
5527128
16288931
10130566
7286685
7973297
14039685
11907924
12492972
7092135
6838241
8295459
7459792
13979540
11850376
14923247
9325977
14071667
14125523
14265269
16398691
6070433
13907232
9483810
3108245
6493479
4178849
4090337
8685975
6525947
9932651
11526035
739427
1275176
16069604
12160412
1062458
2229085
14004577
7207121
953080
10250965
8437174
14076400
6770524
3540070
15568737
14007879
15186888
14996214
2794921
56943
13980484
9438076
14351208
446738
2043450
7340399
13342815
4320748
1928034
11080102
9398572
6632536
5785281
8045770
1706745
11271084
2167566
13884542
4284533
14778600
11646001
15236704
7646719
11362567
1011995
5370653
5204811
7048471
3887233
9806010
8784035
13011836
13810242
7168111
15766874
13094404
1321413
13731509
12175694
3520588
5183025
3425596
16259046
2555826
1674424
2058677
9338355
831313
10949271
1867826
7863107
15625031
16318123
15904128
12764804
12466129
8843717
411875
8231164
15638073
12418300
9350333
11449798
9616018
11657119
4693789
6584425
762216
4502808
14312410
15683632
12642739
2688899
16021785
15701601
12571692
14588859
10305607
6165842
835558
16480886
9546691
16113621
9599243
4783841
4730226
13790316
6861231
8159479
9834306
15153608
3371268
416436
13194945
7049002
4698140
12044895
6183346
4200490
11808911
5505826
15282470
6418828
13304966
1960861
13186375
4339139
1454069
13429105
16010017
4586427
224073
1403053
8751732
9533275
1822857
10334834
6311333
14862877
4836016
7959547
11360125
14476323
5321450
5885001
4516536
10266631
15211450
10556834
13891436
11676706
14689809
11253106
16148906
3291306
1350997
9592377
6310984
4635965
5264503
14364562
11586372
11343656
4132436
931869
4395154
15703893
1939657
9843088
1226660
40906
6748478
1442182
14738486
11637439
15357912
13995406
15225188
9413830
1728233
4135728
5726166
16193748
10846655
8788107
13766468
2967426
16011442
4117595
4348280
656808
14295324
10688228
15649377
10510784
8820754
8865929
4774222
4539660
2023174
13443708
4170979
5694176
11606205
15684360
8815846
11372241
1945430
13596390
2475723
7893708
15786375
12801927
2334355
10866918
15499335
11482370
14200454
10341969
6304558
11540670
16002907
12556877
9331844
14213955
1094885
11699676
8465584
6296885
8506709
8354317
1482212
4944748
13108198
1475886
9867026
16729784
16118081
15944209
1978620
13565383
7899213
1560640
3594523
3884797
8404404
13350090
15356121
15881938
15232059
9479422
2921447
3165
4954540
1015836
16709703
169280
5905436
15356871
2285863
2200653
14644260
14082339
12788285
220744
1599733
15173496
8350578
5857740
7898590
5280536
3545164
5203303
14915029
1021451
3969706
1024141
2396170
4048179
14008531
4210334
16280993
6850425
365851
11028211
12467824
9931105
7287807
11930715
16311064
6283348
6332735
13886911
1403401
1600186
7914953
15412873
12394576
11119229
14794866
7656495
10667974
11983504
13414693
4344325
3335048
12135394
11758106
650311
15407042
6942764
2649605
7938222
3027083
12178388
3221240
6130375
16559500
469142
457957
6896566
869878
5763964
2307738
441347
1969200
9374111
9644097
16161754
4984924
15938561
4206566
11418658
6048757
11770095
15055508
920715
3753072
2153397
12695339
6517577
3540629
8521744
16253479
13526168
8025215
2925784
1003977
10443879
10219204
9273537
10464368
4753279
168365
778383
2814276
3588252
9832639
6208320
13043206
6013411
15423881
365923
409163
2796666
294465
16301222
2731055
9826074
2436058
16233894
4167242
10424103
7080031
6414482
9437231
14462534
6995773
2395381
5503616
1750345
10376239
13346516
4900345
10894559
15395300
4288244
1766451
6033556
1277145
3775574
14904031
16235574
476425
13759011
1394692
5226633
5361822
3805651
16484297
1916433
2547934
13047445
9633744
1570710
12666668
15146668
14880365
2925764
11410253
5567501
14528128
8694283
9662576
10212127
10696127
6506185
11253136
8928100
10412224
11398915
13468269
16236902
2662966
4708901
5503908
10597294
6289790
4524782
10534825
6802571
9686008
16373498
11681333
7123260
5344602
6739292
4682044
2795832
3909808
12256143
6394143
12070863
11999957
1706180
16406795
11615033
16127879
5716495
16215954
13476152
1996958
13032277
9831277
9968397
507931
15908572
14295713
102588
8045533
10379881
11909056
2858644
11712657
1911610
15070830
16120725
16494727
7659596
5234137
5175683
5063133
12500797
7930897
9618792
3004404
10483128
4146584
12669928
10030156
9555889
16696323
14123424
2208100
13078158
11681859
6341432
6437900
10809615
11522155
10531476
628311
11006668
2129729
15525651
10194069
16253618
7472553
4690151
9578768
14709424
13720555
7851453
7269783
11437325
9371623
8633695
3271825
8061048
2712255
14750800
11386077
15242816
1664247
9516346
13284900
7567481
6781554
15296667
211258
10221486
12233248
3133393
3654509
3775917
6442445
10959339
10302877
12057409
2428257
5980349
5850622
13320664
2434120
4848449
11956583
7096825
2562937
10621305
11445779
8684466
14073958
3174941
5627570
7304217
3197634
12111817
10200195
14730804
5736555
8876484
4112
3497881
11299031
15370138
2667556
2133329
709217
8074300
15092959
11235380
9458099
12002715
4733929
15007007
6164743
4204721
12880868
13252900
16393252
7483143
10786491
2809964
10551115
10458193
7444506
9964527
13768145
15380879
6532845
1821796
9031567
5338533
9642069
9944206
5405041
16280883
5364687
7363497
14055479
9124568
16561785
4384494
4264911
10364017
9171338
15435630
5428704
11857836
721040
2976695
5656549
12572193
5843356
5152214
4175434
10446407
7372702
90794
5425353
5046482
11572915
1052376
6394287
7609983
9810480
1537255
12687556
2280573
745218
10762324
15022873
9361123
14146674
725565
13250000
1968956
15817418
2068913
3897743
7478501
13857530
2816015
1914492
7266759
7844849
8087465
42769
10737419
11146623
3401281
15210760
9428602
10064943
12995730
1375709
2650033
9775915
1423289
6862191
10843931
16308261
5698200
13847797
148218
14241391
2948476
6886982
11828457
2770748
10358570
8035672
492500
16601282
9741539
11361490
11671887
11709677
12335202
4286891
8393451
9344396
5786436
5455328
7557588
3760580
3241446
11461640
10466543
7465588
8282207
11856304
942470
14278206
12605865
7791669
4333598
3929417
12529615
12395351
5486829
8114414
15279953
12769347
11696064
2682238
15637936
2614488
653191
6965877
8093840
10446599
1142167
5153603
8733431
5075404
15507562
5876603
6265109
4564867
1201261
7093354
7857591
9569533
2623178
7704933
2132701
2836378
6747556
10862516
10570184
7158098
8074692
5462960
14308338
14929000
6708339
10351424
4585064
3665603
2365090
3099217
9449424
9682544
7120765
1925939
297121
3897088
722198
1341894
5717208
7893551
16106144
1608935
253170
10751777
5564143
5769640
8952474
13524201
4461818
4927175
4823434
6830656
16233723
310048
13696008
140925
14249388
8245674
7907028
16273843
2078995
16509757
14012657
5389288
15347450
14835955
15259512
149528
10411391
15332805
13164221
1675302
12176707
6310815
1415865
15754874
12245101
7770630
2936223
9614063
11916286
16336618
14872821
7608366
16509847
9127455
10067754
16129254
6097529
8400834
4168502
7726664
5012707
10783186
10651772
2522891
15496723
4348140
6674571
11659726
10235284
13379214
16199069
5399831
6472081
6607435
6997176
11695731
14329294
6664190
4748150
16161870
8099249
16254695
13872572
12991640
11664447
15552242
12441681
15760328
15610596
14385761
13336924
13310548
12263245
12652533
7832415
3489187
2926467
16396901
8275512
463425
14260592
8037890
16619635
13986638
57362
12668559
11560404
5763106
15055169
10656489
6848356
14642308
15297147
1553484
13689027
15649506
1271699
2958455
3570134
13054526
9202647
5399141
5626544
372879
10774034
7662321
14809746
64633
5652528
11003547
1192626
737847
2983566
5722141
13350914
8272613
3134892
9698244
8231118
984911
14521183
1833429
10980023
16339274
2185992
7829140
4110189
2197593
16361308
639748
851560
12563747
9078889
11666138
15601503
13413367
3077573
907007
14499120
10919026
14295021
15397173
11462655
14176559
8253671
13204226
233978
8529286
11394910
501854
16262973
7452791
6057270
12817300
225830
5463139
3936692
6741138
3538381
16439265
1228713
14222129
11982127
12396565
4913444
8092004
14775732
7132514
6988720
11745794
1360335
4440011
11438663
14743634
1696327
9114424
694378
11949373
16767007
4182312
12741828
284551
6590761
15519929
5909448
14058594
8150389
9817553
15617693
2274200
7755698
11023552
9840869
1558194
15784663
6299240
1165919
12021328
7632473
1961334
12298772
16088045
10883215
4560936
11524629
7260652
15420056
10900841
12951475
12338101
1898119
10904600
14946887
14024236
6630727
1937967
10065740
14371364
6449437
15731991
12628483
6879412
8228837
15120963
8804638
10023142
14730851
3931048
10289906
5019637
12865835
5661503
7941827
6580600
11297134
267904
6937067
6328659
11858091
14558966
182491
5508408
12860290
7145358
7229718
10081918
16186849
2040179
9235589
10301192
13872796
177393
14599654
14595218
15612685
6197549
16398723
16263937
11411431
10586335
372814
6845695
8959186
13555163
1659361
1970781
7984268
7002009
2358305
13415390
7702386
15704026
10751976
1846132
16769340
6610704
4464892
7669785
1420600
8754274
11146431
9631816
10147951
6298956
11644562
11528573
1078395
11443518
12414242
12772664
7676820
3396252
12727317
7414354
1506513
1580010
12140098
11659765
5881401
2555754
12293472
11447140
4605842
6044352
5885303
16548955
8424722
3744276
11620687
15811215
12618040
13772354
9162107
4340877
16238978
7393554
9028744
15159661
12148955
4846626
3649611
9185004
8370519
10942825
2580023
15334014
10998101
375507
6227800
5882810
13767386
9332815
3625208
13895075
9236971
12912055
14553527
1595201
2387667
6186444
14588228
11194432
13347575
5566518
4517095
3219638
830731
10669683
753334
3634967
7785183
9185394
14597947
9402571
1193148
15459047
6811870
8887525
15264726
11232518
6855894
8509551
4585582
335399
7952088
9103663
7413797
9190600
6355345
10708973
7562709
1995915
685640
6337957
10741061
9709163
1359580
16443351
6443003
3593799
8985878
13856200
16769596
3989961
5186993
4888467
15070863
9855560
869813
1835625
3275274
12252881
11334688
9602417
5826719
8862422
15661095
5698608
9031855
12911294
7868369
8397211
11658355
11128438
2104369
1447000
622855
7004079
5177611
12801981
2758677
3669646
10659075
5417669
15285720
14894062
5782244
312183
3666437
15244268
9796184
10045799
9286279
11946436
7333688
13677034
252816
15709346
4986605
12848986
9052874
7891095
8333598
1073886
6266965
6606674
312018
1720525
6729838
6720085
14458564
5178503
10885148
14070951
4997764
15083803
6971741
7280487
3337943
8472434
16450206
1233411
12212506
12175702
6068964
642691
12478856
5547580
15813983
2054043
14675075
15067816
15713719
677893
13285950
5366731
1900581
3632780
1533005
5563206
10129074
3472779
12192379
15232434
11211340
11794829
14838503
2006734
12620379
1334812
5547063
2685518
16609669
4488949
10748354
9654532
6720436
8545354
11724657
2760913
9036106
3294280
5793339
15714424
6301635
6567009
8652204
6831974
15234794
5463285
112906
11665864
12488400
15401553
9205340
4498551
5240926
12674853
12939143
6677185
2653834
8373085
3423893
12623282
220228
5567031
16371372
7800611
7358611
6509914
3692138
3400389
633072
12570985
8328023
9778547
14928459
2711962
5585304
12014190
6683607
11252157
191255
2342135
14430976
5058984
3995262
10146445
14802608
15892983
14989645
14479053
16489794
1919538
15165501
3690474
12187958
4297524
11410096
6169965
1058871
4409414
12504873
9959717
13418875
6584695
2601131
5156700
2025406
758764
16132550
12166014
958566
6750053
14918273
7302708
10745645
5222309
8502121
11566983
13758965
3801441
5324611
2504073
14687603
15725751
11720700
5084754
13895065
6051501
10338186
13441234
7441803
7679647
11626528
7671281
6791389
124610
2676725
10538079
16269298
2211966
15603667
12621659
5008313
8402411
1504471
7680020
12438657
12167852
14043743
8202898
1718365
8795734
2147267
12943965
10612958
12709667
8202537
4446105
16499561
15417933
7975760
7264844
3785985
14594801
784488
11379191
10399019
13707225
4178515
15418846
12748414
10510239
3550189
6695253
235179
3814790
15049942
12492299
11379202
13620341
5342742
3423297
7884036
15490034
11926454
6012026
11857377
6068301
8115228
5010975
14404080
7034120
11652908
9992772
3938455
12712506
3478161
9221274
12757343
9572573
11312406
16317780
7588498
1170895
14681691
1248848
13535341
644242
1532603
12290430
2120818
5419947
194027
10112237
10686714
4827437
2382761
9047155
4279420
2314425
9285850
10072891
2684125
10777484
12455396
7526804
12828492
12972698
4956565
6277743
5480986
15334559
16268666
2782244
2220519
12898231
5257137
8178539
3563025
4283612
7740265
10796473
627189
7331945
14076606
4999647
8949163
2677511
8127001
895034
5190675
15910192
8269292
5879948
11165181
5839651
3298429
14298874
13781571
15797202
10329394
7405496
8462232
15944200
15888913
14589412
1347332
3703256
9634690
16394288
822735
5973727
934458
4202803
7866363
9187697
7469929
10557207
14703565
16126643
16059062
4294417
14932651
8137802
7095927
2568488
11048732
135492
796164
9918623
4459184
7562127
1716327
16169932
547570
16299441
7803057
12228382
1958768
3040488
6187919
12986835
13143973
16519495
1449339
4962529
3764658
5907360
5505442
10966324
12845700
6169859
847321
9226109
4057011
16008933
13016490
14844462
14395435
13987664
6988700
5374854
13450940
1508831
15828981
15273511
14577300
15152413
9714351
4160348
3031930
7300620
2192493
8038244
11662066
14893505
13466331
5134152
8176042
16284484
7644016
8794992
1514502
3867705
1497718
11365847
2266423
5147281
15212592
3825281
6670040
16252355
9260985
2114671
253274
10043538
13016055
11059635
5273747
12823210
14065639
13311511
15903338
13618999
15473759
12766342
14155981
2428824
1481732
3319827
12048720
12425644
8528322
7436270
12986066
3910439
11084623
1620473
5494093
15363075
8549804
15166848
11929408
4036794
7173651
12690284
12529128
8823296
10479085
12629815
10340141
13182067
12576190
16544090
7568644
6739488
16502913
5770618
593556
983115
14814980
412018
3169042
12068994
5817039
6300400
450907
142709
10133027
16651966
9607299
12098096
16475803
6638926
4190100
2077046
1902990
13493528
14919522
1101252
2777914
3449536
15904743
6779227
14779557
13374812
11269918
971296
4409557
7725446
4311904
12882284
9634450
7334567
7619090
14959837
14655216
2549153
14066795
11039616
8896428
6044838
9138811
7947466
1485731
14657655
4906400
3532124
9786854
1252020
13941125
14486085
271462
12296091
4033983
4040127
8251159
4087569
2190061
7910826
13915372
10001581
15389492
5880318
11304364
13745878
10143865
1084666
5778371
12334061
11336991
2474399
6981355
5878318
13723437
16541903
1316466
3531793
5293788
16208563
16103670
4879759
2238641
10903898
10278786
15103890
8233040
6990909
1857850
11957164
7057866
114830
1814435
4438279
15059557
11125982
11109039
1334208
15319352
3864434
3571340
9932765
14285961
8206248
8211172
11084307
1905612
7036012
8385191
4484746
1818497
2007441
2103999
1590512
7264213
4957505
2591255
7268330
3269536
2871508
1725811
6911085
12782972
8215944
15869946
153916
10880884
2769638
10506411
13129466
8428965
8638797
12231983
4238097
4471983
10424158
7822900
2873077
13290620
11497703
16409960
9790988
4696655
10460818
1942631
14285430
7395341
5868024
971018
22266
12026381
983828
6209882
5600970
2293945
841482
943226
2593413
4565340
313658
2065044
416593
12592481
3694409
2856083
4047108
9519794
663665
9901258
11817853
8709271
2919358
7908682
4300804
12381829
8222858
12855843
4658808
8738025
3774020
8117427
15368412
8482427
994232
3953518
12800402
4785614
13708632
14470358
7798683
16396979
16344962
12699926
2986364
4714554
4868697
13842972
11751325
12476733
2622499
10080718
4442676
1618757
14211739
2382060
4697601
8685612
8616593
10239580
1319599
8291460
13181875
2029509
11388353
16291245
6506565
14295094
4813977
7913056
310639
65303
127125
12466328
4843011
13687840
7763749
16462377
5939908
2905877
6466795
6426188
755857
15972946
14373631
4913638
2781258
8031061
13155801
13193057
11590907
8307910
696153
4966089
9760776
10858685
2416604
14899296
6176263
3711798
3142542
5405624
101802
10173916
11028128
2805639
13372867
14714555
15141360
7691084
1471420
1610778
14648387
15579840
15463975
10676498
16534726
4721483
6586165
16184219
5949319
3947531
7986906
5641245
2823334
10010285
10170310
7156064
16723078
1221185
6763140
8397417
9887478
16537531
5943725
6599799
15749454
2932988
6199729
3926551
8653222
11214936
12481423
15124411
12960619
12496481
13619572
12886424
15273062
6332815
5816239
3969125
1063100
4844277
13184378
7996548
12829063
9748269
66387
8578541
10784643
3316533
6617329
10619392
8024009
6047545
12697879
7493639
3999324
7537175
16376166
2817068
669383
13194386
14095995
2405906
7671617
12594495
5452299
2089682
3456203
1601090
9537989
5192681
15402401
10049655
8626318
10359001
10829006
9848203
14327929
9468626
15090505
3817233
1904161
15999838
11407002
13833631
16230745
11088039
12360166
10226832
14703465
1049159
8431104
16377935
10699718
5600044
10157396
1393992
1195626
13462411
2184321
14386880
16338701
4773327
5783547
11312265
5239780
1355002
6064271
3962354
16074992
11279021
5082526
11359676
6231838
12584060
14893617
15306468
7763035
7971712
14155340
178813
12255392
2894455
4622892
16066585
9877976
3285316
12359076
16462918
9936285
7540199
3474121
1882930
4234214
13591086
13055151
6402540
10286438
11448364
7217927
8417379
4884834
2598030
10590537
8701429
13442513
10796757
6925762
7917628
8778437
14436550
13095687
5950555
10382180
3506850
6326029
15767231
9092476
13036880
11396816
1693795
10686738
12189870
7354113
4554683
6429101
2826743
1742933
6314270
7518980
12025582
16031011
8426403
654701
16513629
1672232
10708285
7071571
5236991
5229512
13379326
1544685
5706155
5587589
15929542
10312129
13064433
188758
15063594
731469
8401311
4555087
338971
993554
6647850
1659699
8410981
3931639
13436417
4816070
1281727
15428842
15025297
7222860
14157437
11552254
2342560
15030333
11936132
7890320
13965998
8037033
13191092
8664604
316959
9726264
10850494
2712847
1155947
612357
13154152
9698920
4616997
7004981
6163553
12423234
15126243
7357298
9101578
16593502
6177481
4695296
15176536
262590
14613720
212423
11099209
1321784
13906544
9275367
4223953
11068023
339704
15819307
14340076
6812690
529829
4830429
12841644
10558613
8182340
2160195
6284216
13547990
6338566
2561507
9780097
3663659
5845579
6094868
2435017
4524351
7741491
14045652
10350480
6997364
4191008
4974270
6279063
5119151
11060844
3107627
11523415
7834037
15159771
13634693
14626196
951332
8775107
14314683
15776420
6808255
2148538
13750543
14399407
16724723
3441134
16379128
3719541
11697577
13185631
3069280
2265888
3062186
15333090
3004125
5777290
4659854
5263087
1205796
3774913
6519141
13512703
11962775
9820897
3422002
16209546
9337487
10393274
2096023
3029435
3881957
12810233
5116585
1802560
9570224
3787262
818140
6956564
4432665
11340885
13740792
6280459
11906977
13949631
13586156
8553429
8314089
16056330
9266195
11640778
1569486
10054583
12773641
15776571
4294509
10684543
3389316
8733386
7518005
4562925
5601539
14926943
8030144
7391654
10030780
6437235
1150537
11262930
14250048
16312017
7020666
2317269
6154209
15993647
9001477
16347738
4684305
15843272
5172232
16728727
16089002
12612026
640784
10968368
7382784
12702808
11959509
13308822
1300900
11598940
8012889
15953366
6560806
2424115
16660291
1382011
6398716
4362687
10729765
14165055
13843346
13164696
1424793
14498661
16266287
2477906
12871698
4529603
14152051
13117373
11509223
15917037
335357
11633025
6606197
16702649
9201146
15495528
10973918
7774359
12435136
1817851
15177972
3297775
8143813
2777335
4408284
6281774
9952407
8294268
15359758
12569048
14321036
2395000
1860416
4438232
370543
7390001
5262455
1776074
7319878
8661870
4934338
13735975
3654726
5509057
928095
14398753
10286967
11622177
2210811
1416893
6546090
11972671
13797512
9508607
6286748
11975676
11620290
7353958
5794241
205845
3139202
2098287
208666
9458196
9064647
3821788
5239355
472950
1284956
154678
1107373
16439581
660879
14731409
13342724
8887403
9956424
8306031
8104981
6947570
1724687
2316573
3114695
7233902
12959382
5743285
14641292
11551279
11374424
6923420
2622313
1445319
3995125
342633
5927034
9707253
15953362
5286618
5066193
10783749
4596272
4685373
2599152
14547955
11302137
11529036
13782538
3934267
8560854
16517169
1250776
4958100
7011954
5166507
11488465
3085378
11973613
11030813
16133889
796661
181627
16344557
1694293
985594
13419586
14119719
354315
6424382
14641400
12399923
13954627
5557548
9171550
15576035
15592617
11317972
5028891
14227258
12765838
5168627
13457905
14740625
2882056
11220393
25343
15724632
8718923
13160848
4633130
11263067
7276644
8139015
6203995
15864958
10448205
7715999
8579774
16263651
4758459
420757
9099005
5388084
2046394
2509026
10021385
10388070
10975719
9073297
14955500
13654404
13837030
4777923
5119257
10989699
849892
3299912
15245857
10672022
5093008
112851
11205690
13564113
7411182
1383424
1824625
1121721
7539833
4609126
8290273
5578813
14990556
1837397
12113565
11393358
11129560
6061787
4047708
15533228
16306213
9886928
9674231
2391401
218181
10074306
15807039
12288952
2766570
9675083
4227209
4394628
16485721
846359
5621868
9107841
8379979
10816066
12402693
4027724
13527838
1148928
3733457
147075
3594486
9158469
7052525
15967930
16031299
15999164
15658217
15059562
12718717
12207992
5406414
16024823
7259214
11747777
10303179
7312612
776115
4314223
10851018
1293925
11958892
1880089
8321496
1748348
14033648
8226989
15627532
4870852
10184341
15178556
3931762
2003355
13666925
12311770
15232065
11390704
7676267
12354527
15321701
11389578
2444661
12395897
11075941
13847689
16076790
11622318
13571506
5242326
4242346
11277786
15743640
2896475
8292064
3692281
15398178
11704506
14949733
11529689
3124531
8874913
4579425
8760472
15781785
15377499
7260844
9189521
16095448
12078261
11602268
7319230
4418091
15462138
14969779
16507777
6308149
10634529
14907167
4890971
4579233
14991007
10718976
11786726
9612450
3112625
4414596
13394359
8853387
16387211
2528020
16280434
13897418
14850833
6747861
7073360
2713365
14602959
6753410
6685261
16009700
4835714
12704344
13012267
16320881
1976229
9438481
8579625
2354580
5473360
10495091
9940230
1393794
5514879
3512984
7351591
9312467
3674612
10087334
7447558
5699103
15152286
3096009
14635859
14875271
13469630
12158278
11410576
7512191
4526412
7693874
14692673
14492405
10215118
4059247
4315482
7835032
12216152
12012430
1667880
4929268
14969321
5396369
14916353
1651109
16390089
10226977
10278437
4876978
8661527
13395924
2366792
6416434
8222423
9071016
12314336
7713133
4703381
14951438
15802547
12527698
7699393
5209291
3269856
3860557
14319030
3185486
14449206
3959929
1117492
7104970
4390748
9678986
1761741
4220615
8397780
7796832
15947907
1602576
11440613
13174427
3277064
10001168
1552788
10932208
4660130
9013284
6331813
6530029
13872753
3257088
10590788
4487951
12453637
2546929
12805594
8860570
14893476
4228468
1378642
10630732
806969
616488
15925841
9732532
4229706
8450385
13396677
6503574
4437453
4728755
16665897
2552307
8738733
10353403
12253720
9029385
396395
9809592
5010971
13129892
9346869
2197065
16506042
9256097
10709228
4623419
15603304
14712305
5597937
12611762
713151
15483789
9096607
15808569
11430428
1023809
14361773
15460882
1881495
1800271
4380684
2518123
11985272
4201580
5572825
10141208
13170253
3763502
7896560
15203110
13767856
7489571
4518880
16199040
12939184
2960396
15628525
1572834
15910296
7843748
10819534
6152398
11509239
4236573
7241789
16770842
13610080
2819679
7306634
15606758
4002352
12403839
15630270
1810356
1453818
865367
16444838
8664174
14902083
1664659
5974592
6911377
4852705
4168365
14700068
13139075
5151366
3331119
6318640
2254627
1890007
2811624
772053
6745061
7443853
4128013
6268879
10346991
6840867
2829436
842343
5928652
3326433
12150827
11702490
12554749
5096723
4869411
5556421
3904092
9600109
11362002
6430401
12871184
9133995
5922975
13093732
6209722
5247793
11419623
10608639
665485
475373
15605362
13709047
12166940
9589636
8698534
328257
5729034
3647324
4632558
14451644
6281324
1389375
11947645
5167568
12791732
4058178
463839
11638627
6502305
4267969
8009875
15546360
7521188
8472726
8519939
13680353
13647882
6938439
5471357
12241218
16607038
8079542
1540833
7640304
4994073
912460
486157
16108261
2622734
770488
13231656
354719
616947
10861275
2542800
10670999
15894527
1813563
12726052
8519058
2653316
11703289
14567477
592602
209945
12813150
8178964
4162382
11160760
11635323
14662660
16521931
3133640
14944059
5475413
7899098
15542078
6980550
1954308
13190043
11183901
8985597
8795963
7702971
162039
5983356
4027799
3864431
2615699
15901381
13241072
3225169
11664434
11411131
15968226
9375220
9460404
5511791
13087932
10632867
7554614
15812759
16219174
12112281
6445669
10869656
12156144
5264173
10190043
13374932
15941126
13146303
1215030
15825307
6517467
2337586
13007064
9024603
9202502
9541474
4074990
2299506
4454379
9088287
8566681
3917577
12033489
9436195
4392360
1208452
8147995
4735010
5621303
14243552
1201127
15022399
9930179
15433953
10075162
2139819
14191520
9686900
14173970
8446022
4113643
8264856
6897415
1750045
15758130
5571706
7139431
4930258
10432967
2496721
12961238
7785092
13752049
6178450
10246671
4073972
14693760
7300678
3891003
15305439
16653272
4785806
7478097
2887749
6503212
6846646
8776715
4465698
11629647
7971290
14511624
3978467
13962138
7422806
182262
16729920
8826130
4161974
15976702
15696097
10338758
10535352
6339290
14520337
1626208
13919825
14116718
4088420
3990017
5965714
7317724
12921743
2886709
11889432
14301488
4492984
16493963
18797
1180913
7142758
4096484
13852648
13321854
10992823
2742636
11987302
11056222
12266911
2082985
8203446
7944571
5148691
9682860
6835626
205588
5441398
14648432
13137239
9480499
9038771
10534285
3124741
8378224
7393074
7686518
11692120
8864495
2658826
15847505
6598588
501264
13435009
10982896
5668280
11901128
2763973
7319058
16736871
821050
7789114
15356547
22626
8697399
9006944
7077128
7575700
15404627
11947950
1378412
4756481
9847864
7286487
12292550
4090258
297978
7608326
3767967
16116956
11313845
3531390
11702465
4591074
15759046
11300001
4462844
11858513
14202682
12877358
6124221
9162998
2105497
7315700
7978383
1125875
860887
3728932
6368291
9604638
6132279
54436
6739257
10310115
11306543
672464
1389609
2318868
10215517
13153598
1561432
3377422
7812938
11426792
4655246
2104813
8381445
6347750
15744462
12235784
2835267
6294155
14398276
9900382
2054222
4303429
6879954
12543761
6436405
6040068
4707571
2962968
10020875
16266650
387260
12564769
14736039
6731816
13787499
1816425
15328257
12058856
8920825
16436762
11756195
14925546
923771
761836
1460850
1602683
11970710
12145397
16264818
5990581
15913038
5774745
2091057
3554542
12792817
13006573
4178360
16658404
6525158
11105393
1497480
2943220
16262145
12979416
6852175
2196108
14777231
13176249
11265489
4501287
1260641
15836974
2236610
3730709
22101
9797774
11522879
5430395
11671036
10192416
11485293
2679594
15087418
13710728
8794670
16665575
1208859
3013506
14039750
15836263
11478802
5655960
10062776
13114492
2854625
11063800
2098818
1019573
11979776
4234327
15749770
2647849
4196683
11300459
15574252
3250309
6277088
15784594
1096713
4539472
9527897
5889718
8842001
9129521
11612872
1380707
11857303
16050255
10436122
13981727
1325338
1214164
9529841
2409229
5563655
1596343
12716025
13427129
9579697
7801614
6963368
215519
4072637
10277390
8033369
7620518
15446646
12725643
13016453
3058223
15462954
5337895
8301065
8630088
15858430
1967661
7365712
12449757
12668307
15455335
2728256
10515114
7591737
5859417
3252132
14584060
13696415
12066347
4310880
6588040
7501203
6148789
6681534
7477210
6680012
10884110
3317049
2650031
9138821
11132936
3776905
1268997
709427
7577611
1129392
9936700
4954086
7955832
6320870
5709805
6698505
9064812
5767700
13707151
14160469
915890
15685508
4278270
6497602
4402162
9078776
9507454
9231589
15704728
15420077
813112
4508973
8435713
3077540
7172172
13017489
13175031
10564686
6553751
11137434
5732136
15309250
1658696
8806224
10226034
13009284
9011616
13845194
12658127
5180147
12786550
3168692
1806230
274864
1798910
8742003
8139666
11686110
13784329
2047735
8836678
13939251
6710432
3720095
3057849
14332278
14292002
13114737
13507081
5413032
2889583
1536985
10848641
1626681
13032222
9088408
13556436
3103033
12824799
15224172
5667962
11549173
14147337
9747549
6441656
12132081
274322
14261202
459578
1010260
8318601
5411308
9341548
7643889
2176650
11990013
16172173
7224070
12309864
14040124
189723
2563565
8776839
10411094
4893121
16105083
305668
15774891
7985326
7349635
9253087
11576410
3120155
12227984
9960180
9628497
13530101
15116157
9965617
7249364
5647108
1691434
16116246
3814673
11334375
11125892
15994241
13103629
10504884
14943631
3920415
6990566
10602131
15003768
1476221
15634280
16369506
2573334
5852417
12425625
2475929
6122831
4003759
6201161
5404853
7008390
14673417
8706756
9906971
13235551
12118091
5207994
10958272
7088328
6329789
1586669
12065285
2689066
1827575
14978846
8915254
9355700
3878920
4793951
9305908
1813632
1151363
5099211
6340940
1273110
14524486
10131743
11704277
9394029
7402601
12125192
10969405
1040923
11216582
15019919
11289721
12664604
14238644
3424744
14423238
15156595
11954721
3143736
15238515
12131127
15995673
14581931
8860052
1446464
14996429
3890967
3837747
4401911
13292254
10213635
2829569
9371967
29529
2179279
7762326
1073782
6692509
1667088
5146369
10758485
4320917
5148134
872426
9288402
14871517
13066953
11571096
10796808
6111748
8918603
15529960
2558260
2260504
5217765
8953639
14119229
12603835
937027
14416728
12127202
11735802
640335
2723883
14823826
6872078
11953623
7114141
13149897
1264530
8911848
2130806
5148454
1578780
7334036
6808183
12767586
6361790
9678229
13127987
8473475
11382533
14060755
6403040
1222388
2968433
113171
11912044
11760644
989279
8619736
1407501
11274134
13995630
2410941
12349037
488514
9404565
13357314
9862902
16470619
5112346
14959443
6870905
8810219
3512458
8133419
8219169
16098810
5616416
6379440
8936680
16307557
393005
7398755
15970623
15130709
15613546
11182975
354527
6847482
5798466
15861041
8454015
8136653
11597651
1472465
14594509
8714755
15558568
7236708
14500171
9036823
12740586
8715836
6455559
12934989
13356131
3534028
10341701
5102737
1506460
1474235
6018490
280242
14509265
10327764
10246447
111003
11712259
9630327
7289686
4239192
16605848
16298055
3918006
14189729
11573432
14180841
8794309
2898794
6260798
11846277
5567846
6703636
10485617
5653965
14357279
14779839
2259075
4695104
4629855
11884069
6369338
6448247
7173288
15063625
10606426
2625606
6558163
2474839
12358917
16145593
8584738
14818755
7786877
9954235
1416759
14192440
16406688
11367631
14927278
13797398
6748681
15492880
9149212
4452766
284626
13704570
123980
3884097
4090702
6949728
15516218
2144381
2696632
4614134
4366924
13430309
12251162
2319477
2318658
10712206
10339949
2635386
7420453
8160146
3353262
5761155
16588524
3162719
1452392
1015652
8711398
7118627
10999869
7939610
7266533
3244786
14768977
10181247
6065006
2365290
16194274
10064827
9881405
1106209
15880405
15134942
545381
9127474
16120147
712111
4092793
16458521
6599869
4493312
2971477
10076587
1670987
1406713
13048118
5063982
13380964
1252110
8773228
4946295
887757
10578119
9482598
4318724
13479195
11641827
15827405
1478873
1955958
225511
5075332
9349394
15172138
13384843
7918730
6364915
11889520
8779192
2433210
1314131
466307
6456521
16539230
8305301
11294780
7927241
7057721
4257163
394679
2032717
6023486
9028850
15371211
7793387
13030262
7754840
6993767
3185867
1315190
1132480
361752
1672810
9713685
10677244
1947158
8418613
10682389
7366494
9047186
14154377
13315936
11381854
16719235
6022257
4824030
11569902
963917
10859639
3189774
16618431
968277
2409816
7435978
4139117
7865090
7461330
15669392
5435483
16171536
6201613
14604979
10422582
10805478
7121879
3334981
7569961
5422012
1420598
8117180
4078862
6453602
12557062
871480
10780913
10558984
8357375
16187981
8721940
14523495
14349550
11145589
10698783
10596572
12027965
549626
14659089
7021796
8823063
3649193
10815476
9857424
5459996
12768771
13327758
6144134
5328767
13239437
4190690
4905010
15150101
13975446
4087710
13550756
11914691
13266803
701639
1747872
13965610
2164004
7251330
8891958
13008923
11739356
4725171
3024651
11768275
7704177
13817494
10876903
14272201
2341218
8384134
4455667
15310164
6467202
1291699
10060597
9127995
13745584
659822
14702330
10010541
7549567
7595470
16632518
10052185
6416910
8290461
14851306
6142953
16414203
14685509
5261317
9499120
14768386
7034736
5985878
16047231
6843646
12829367
5640566
5481814
9807934
15427127
7284274
14252671
10173048
3812873
10353984
11932066
9046970
12739784
5747467
16598967
13046993
433618
14933734
16449103
3506818
12909741
1578744
12926255
9018903
11643220
4882374
10328512
12790494
13763651
14699836
6627730
6946260
5318626
15387582
3696884
186501
3290342
14169573
5392301
15435909
10134542
11015237
4191716
11836348
7856396
15912616
6131029
5937345
11380450
7383033
8134931
1626799
289120
14102918
2258726
11245408
5151270
6305039
13201443
6019770
3953743
304702
11179157
13119274
10825734
11142151
9728272
10697102
13968842
4905392
2334632
14935662
7589167
12104161
12581533
1328084
702044
12753505
15966380
10518883
12772619
10119421
9511526
9986221
4861912
7617990
1515932
4991608
7050207
1540527
11110913
8827166
14278782
10974171
4197975
2019308
11200894
1133346
6657218
6063743
4107088
7631430
6391913
8898380
4830030
3464598
15674092
4345649
4247401
5266235
10460973
703073
3863268
2657765
14826933
3349523
9853988
5126579
3442349
16124290
7259730
7780479
9001040
11925817
4989569
14105858
12647686
12605920
8534538
745559
1663644
2547271
3742766
2072935
5502241
1369311
1696838
3554391
15023868
6700199
10116348
7087463
70175
3034600
16133360
905543
2544619
926567
15894371
2451879
5274091
4680171
12398637
8369844
14875493
18289
7696587
3668502
16470839
7801127
3391313
5075977
12637532
10612954
11435479
10797981
9537847
10290655
7882231
13199603
9357410
9744513
15803832
1016718
11607400
9058582
7716058
10596831
10362863
12080327
13147386
9526331
12057766
15203545
1058162
14288700
5134970
16241163
13008638
5404931
14795145
12362333
10108070
13224549
9280810
3802736
13776317
9032243
1724412
15944834
15955729
1485697
3827057
5303
12657826
10243491
1402507
3162620
3753366
11637440
15676459
544728
3290960
8856942
4013378
6109032
2492612
420367
2588882
9157969
16116575
7670645
6087479
5878061
16025633
12493264
15939084
2469097
1703356
9178794
16689817
12604280
7907324
9617764
12213188
10755558
14850284
485803
4571309
16170524
3729933
5335954
13019890
3710187
12035886
15191684
10649765
2994830
7849961
3455877
15477975
9060094
1406383
8873599
6852542
1379650
11828224
12435377
11196119
12169282
14884951
15853220
8936075
8701388
382086
14223659
11123603
10804701
12117185
2947864
13828200
3414615
3334036
9663714
2489081
3708746
7407966
3738788
14484505
1979852
1948628
5507180
8974017
7131714
4657445
12179555
4453362
5023872
14929285
13325459
14546340
1861382
9033966
12013811
3960196
2000766
13859276
3372084
7844463
2851530
1631703
13568531
198742
13339481
2924693
6921516
2067466
14135757
8187563
16110108
1514923
3475569
8457984
9456944
14310462
1112717
1542122
14180728
6352930
15714159
6055455
7058704
14268196
5869324
10732764
10076551
6980511
6308191
7236287
15175002
16624142
1748881
15481649
756227
15829434
8014968
4862379
4819105
8378220
6118886
10150164
4056140
7838037
9756235
12265844
15645652
2568754
11613459
2970335
30924
8931253
4765615
7103469
14487135
14847928
7508046
14072281
7821399
12969464
1860778
2029039
13231597
15397573
4381032
12426488
8098449
13923420
14484765
633297
75285
14543134
7402216
7490499
14069739
6208243
5574998
11933728
16399523
1817996
10752944
7078960
1925745
5890562
8129433
1305147
707738
8401505
15738862
12976770
5664563
6224779
3424407
8018890
8449304
5722470
429670
3064587
5585551
6526524
8336809
13903003
9331642
481804
10010697
6628556
782541
14186734
441603
16125673
10189140
11787748
15269600
14955519
2929581
15104175
14850160
11317623
11579195
14748673
7186808
11868934
123274
14719024
7576033
3757571
4144480
15797240
5656964
9986080
10278433
3602790
11020910
9927445
2991421
16117313
7029222
567474
9598287
3373577
11976916
2551911
317328
9546900
15298385
8625227
16276540
2452593
13764756
13241955
14935934
10065176
3048406
3097120
14806565
13569142
9716193
1742497
2210896
11433477
12579960
5266303
15344953
10497503
3979403
9001462
11852228
15690866
10617685
3114057
5892898
11513466
3751647
2904924
6012172
7750896
13458719
4471647
4338357
4856640
11613706
14259885
1777054
16375270
3742408
6039011
4961187
13895675
15250405
11777387
14446269
11303826
10705142
16186345
9830041
3580382
11436478
9128550
5424403
5264805
9619765
9829967
13562336
13757372
1368720
15327543
3568191
76346
15846401
8375016
12579509
13161940
15811354
6281730
12713555
958864
731068
15447082
51801
9055662
3698038
14054728
5624880
8877753
173596
216761
12418568
10269459
6983057
9195535
12449802
9943011
12030819
603455
5915371
15262298
12096593
9157880
4825803
3949524
3338004
10843890
3530529
6717039
3858054
8351991
1566344
2427993
6052716
10083348
250841
9597573
11660128
3508060
4478456
1713946
15228500
3801851
1428458
3610566
13132348
342199
2460754
3912103
2579749
12220911
12939653
798605
13195659
15539667
13542619
12635256
9564525
6593161
5736538
3461185
5890040
10468144
12163990
12792422
4903715
6698395
7861769
10253020
6478275
9968601
15159871
11652266
7660275
2858352
2865708
5866261
11494171
2273247
7301075
12630955
3254189
13262255
16656185
6573997
12433363
9438229
12474556
16333007
9408022
3320307
13673641
13616920
9787530
14415115
3323541
16769428
1088408
2358484
3326439
14062109
16589108
3796706
12371845
9768539
8829012
13135119
7511059
14160740
3073352
3020520
9279281
4979807
2246832
10607655
6830426
10359472
9304309
14529540
3801645
2916640
562902
1130489
5930443
1439901
12143956
11636898
11361535
9229286
6055530
14172513
15781261
19205
13142187
3221546
2377071
14673343
2194189
9444179
5501813
16591529
702802
1705806
14993424
6068189
6275091
2382092
14608410
8880569
4899855
6084168
11808587
3242589
5048634
6675948
12677854
9487733
7013717
10959443
9594638
2581208
5805461
5094813
2685977
11262408
16306064
13037768
8205795
15469715
4153810
8096498
15456775
6754934
3915455
9709650
4931635
11168400
4157233
4006109
14044852
8019205
7562923
2773414
1139906
8883379
7714832
7064957
2869203
8216735
15334298
519458
868262
12781878
13177842
13698210
11275571
289451
1818768
4164903
6084429
10780579
5110277
12505318
435493
5968023
2100988
2139147
2019918
3339887
4709250
15730820
10122173
10627993
3831613
3376349
2969802
15360139
16212248
11303820
8793860
11148830
16024399
6695709
10709493
4869599
15111609
9142947
12311890
2843362
9254527
15603088
13297712
14570623
9493380
4467224
9496935
8870607
13453570
14094212
6840814
3006356
9268320
15202953
14370320
10561469
8873263
766741
14776113
10493019
6483830
11670216
1490201
7410875
4535486
2613875
7275862
11541586
4671291
11885195
11600944
6406877
11287250
113853
10491900
3764748
739463
12742868
11675547
16006063
7865909
15844998
16134577
1287799
13481706
3662721
10169161
11375093
1362165
14976812
786424
5350326
11943702
11668372
3270958
1164340
14048265
743346
3906460
6400430
11502468
2188554
15813236
16605759
4724588
2426516
7017015
887806
9409706
1186373
12136840
918850
15621558
4481162
4954467
11316337
5994412
7289402
14717835
16113093
9743977
13400190
14305199
8258051
10796014
5974450
12292046
11880120
11241555
6766872
1792060
15083203
1241002
6185524
7585745
16513097
542778
4860167
7097773
1424825
7914949
14138685
14753959
7650750
15833988
10748920
4837368
1014000
4544315
3375941
7503049
5005126
3218422
767022
3341829
308972
7897231
9996254
2147818
3348596
904371
16496978
744350
3829764
3564371
12203999
13039779
9008044
4026512
14738317
8417339
8920170
9680459
16300470
15690036
15507216
13382548
817908
445219
6405991
15115365
10182718
3189425
6674214
15661654
15428831
11521280
1086392
16740716
13434288
440834
6892139
4754268
12090680
11139646
3170773
8129553
5693660
15573503
387715
5943320
12088687
16071243
12186384
7917196
5949251
15840767
15345315
8088310
16708659
4281312
15823924
3588057
15107533
7114127
8690239
1050044
4284442
2568039
2804247
7576534
11789284
16322358
1011930
1725009
3942716
6280962
3798568
16042239
16146442
9464905
8139968
6941313
11896126
8598604
3939687
1095751
1217926
12480894
14950598
1012087
1122545
739020
6409665
7094193
5834983
14864462
4720361
2911442
11636575
9416845
2453786
6501884
4942800
15597194
4601289
3628947
9519547
6151331
8294690
15003474
8769394
12614290
14643865
6262176
13182952
8429528
2865992
12164834
12362549
11522663
4015802
3970769
2964502
10436539
12315403
10644987
13075125
5222460
5988375
3325772
3483242
11491945
374952
14548981
1456259
3859708
13438863
9685841
13507797
14823486
16289305
11261242
15109794
3384351
9577040
3109985
5138266
5532432
5426808
13851365
8692712
14520584
12915758
15487523
3128344
11294647
16174833
12871340
8495679
13374936
438098
10872424
1592147
6015997
14275889
15274225
6573444
4614422
11656990
13932874
12446724
5926213
686491
8137913
8900212
16003925
162623
6617343
15079050
8238495
10674951
11977951
12350172
8587043
8149399
14353907
1561693
2349414
9680626
2388955
12408321
12206054
11080880
4721813
10760684
14678354
15721002
13978947
8066771
7598118
1397313
15227786
12088402
9454123
7991468
10923573
14799144
6640250
5102453
11985103
981480
16241628
9855354
2640690
13335546
12256568
6993500
2302593
11338100
2112274
10992306
6391387
9680208
3736732
16124857
2761113
5353947
3816755
1199029
3283777
10350677
2359564
10352770
12505451
8965117
530027
511176
6013855
5298415
8642014
10195166
12247361
3722307
496486
6738088
8440899
5241214
3470398
11250947
1756133
2413225
15945842
376005
13303872
6922759
10731944
1374336
2906093
8164083
11718392
10620037
11594842
15753251
255970
10381284
4432190
11591394
11879965
12198418
2773247
15334116
9935463
14978106
8919583
7808136
13861959
16063240
4977904
2293227
8032277
13219510
3611897
16274530
1968891
12171774
853452
9117598
1737256
16081569
1860570
3162822
708301
2628700
15671713
4041311
14898580
13825720
4952589
2266496
11623996
9243595
1509665
11930943
4771005
6859172
8844190
16301488
3295782
12792715
14069211
6352977
13908652
7422243
5955067
19853
891445
6733910
7474717
3615748
13739139
1512134
7350079
15904837
2885518
3012182
13127397
5928206
12532110
15814014
11929000
8852736
10905096
4608649
7903688
12966506
2232493
5418678
24543
13393357
9567177
9692055
6462687
10981080
16368353
5800870
7351838
3824801
5327814
12784814
5798093
15048912
4286773
4359337
4236958
12159177
11723572
10589734
5414513
3199472
8419778
11560112
13693373
2740025
5171619
6856877
1743368
10099097
146147
11103538
16551436
7383727
10254656
5548606
5968105
11444626
11912002
15158886
1004139
11434150
8292893
14978724
3889647
4482277
6682056
5421194
10132693
11485954
11064484
1033073
2414145
5888414
14300588
4144136
7163063
7231038
9720083
11630439
7754189
1794347
2858433
11890799
12134146
1218198
14956903
5894843
8351524
4082534
14572552
951991
28382
7318097
13733872
7383280
2647265
3562696
710335
10757530
3229200
16135855
4324206
8986790
1533091
16181032
765330
3210082
4109842
9384991
7173076
14923220
725208
757407
4708146
730032
5330274
5054332
3598136
9986690
2700121
4770631
5445801
3118914
4200600
13294649
15332030
2019405
8262826
42773
12011607
8787240
6869760
14303436
2286683
10902868
2073260
8084025
15212380
3684876
13283343
16602452
11929302
4107939
9431386
4597698
4535088
10332592
16093502
14921656
7530350
14364952
1036584
9578676
2463011
15685355
6154922
7388549
14190429
15604439
6033618
4249843
8861818
8373473
9296922
1371335
6640198
5315225
9426094
2505169
10362799
8470535
710878
15391001
15109523
1226889
5596610
10743768
13550926
15453338
6385665
5112892
3771339
12840581
8618252
16636492
13143643
12344976
3237899
9323938
4350102
8645233
8512748
12955041
3468285
11794031
13144322
9686496
3486884
10054485
15110467
15591805
5164133
12776862
15013942
9661695
15915672
3139793
5244798
287794
12553471
2060316
9364327
7686051
14491005
1870409
5759474
3183578
12902866
238964
14092424
9682987
13453968
6375495
14800390
16260369
2866937
10353776
13065849
13347524
6097837
5567319
7166917
5933983
1065079
12230238
4000575
1972813
15476004
3939814
7996788
5111568
2905620
8768991
2245751
2933448
1171015
2292988
16068319
6894176
13838739
10324969
12209675
2671238
13437749
8276799
6366755
8551880
3120220
16156323
8946010
8324120
12244015
15280904
12586876
2842660
4303731
2135157
10608924
6999910
7078352
10423846
9382227
2234045
11568188
10318657
4814395
6282584
15469152
9926615
8163647
7332323
16764165
7951047
14171336
11363669
15375689
3094983
7704521
5674455
9209901
9462332
13429071
5179419
16330748
13774892
9501075
14509219
12451818
12620690
16234154
2820687
8504126
10457950
14206360
6130374
16240953
13505327
2308587
1604209
9837998
12866282
13551589
7980801
13570851
15263239
8728652
14554457
11500459
2023399
1230703
8334891
8888498
5313073
14040366
9886538
3164108
6293084
9909539
6353713
12630135
11329190
9280765
6528032
470251
274264
12562692
9686904
15448158
6133273
13569486
1573154
16570016
52915
10464704
10839080
3134625
8814970
1608610
14448602
13732218
2296408
10843857
9795694
5518103
3423301
9158224
13177285
4605081
16136410
12780241
13788964
13806778
14975289
3874777
15259609
14271371
7230749
1828775
9945803
9111950
3965202
13934844
471241
12515126
9934404
14311933
15297047
3253216
6436692
13294282
16431183
2409452
9490772
15384398
16245752
10397214
11134099
4017534
67180
8679987
1393904
7000617
13339188
10536413
7642557
15493137
6847016
8633203
14884251
11822213
259448
7033764
16256078
16519287
2583122
9263083
13853293
16609992
6433639
463943
10930388
14086015
5404207
3119010
1226680
6411846
11435089
4287858
13307732
7536986
6785126
8338133
14815356
2462483
15830089
14488576
2415937
4320429
1257532
1945219
13774532
12830057
6486103
11763004
12018440
13525262
5482390
8176240
11965231
816227
3534794
1842378
16366663
6023522
3719326
10601531
8990334
2432457
13954565
2584850
4085306
5282743
16450977
11104039
7805933
2513029
5573490
3023070
13440813
7833939
719381
13252736
14765887
2341885
2185785
9281470
12151774
10528526
3548402
9855973
14706517
13560951
10190868
6609971
6699050
14335377
8221071
16016563
2352930
1660676
16510732
4698098
15725832
3685880
13489342
11687659
2200982
1723016
8874313
15343207
9941434
14694850
1064592
8658183
8814399
4833039
2278869
13568123
5014684
754837
10952890
9881001
7196339
804580
14186591
5221030
5147167
12452666
13135676
16604188
9299901
7689107
11499769
1177862
11490668
14434308
5817945
8560530
14253932
7794156
5486580
12964986
6276487
9452613
15220932
660893
2413851
13181587
11233964
13076549
4152386
8883877
14790904
8387601
14381346
4266662
12512821
16425328
6089728
15102937
7778417
8730110
7820460
197283
3260410
8446974
4532414
508359
969049
12598991
6770436
9062366
1180624
16028666
2458142
13555089
11641315
4291675
224438
16726717
15605300
10736349
7259128
1412646
377381
13720758
5124935
1540947
10117535
14690525
3886344
12678484
7997666
15512293
14661726
5342485
5725493
3703599
890409
13394318
12570176
3129825
11887231
3589652
1117437
6644796
5288029
16632224
568142
3435790
14216676
9396306
8769577
3516832
4143254
12548061
12710889
10460223
14299148
16611979
16367976
3431858
7726976
3453380
11422218
12044875
16589622
15969530
3916633
14445789
9961600
7237601
12901885
7642241
15778276
8850062
1080863
6261412
5542153
4272041
8764507
4750178
5602202
7454406
15498025
15029675
4506883
16022683
15696050
12144265
9121930
1145333
3648105
911440
12243317
11886991
11307147
7960086
14436713
14404505
7633477
1884638
9745408
14559945
8919336
13295802
12387189
15020935
15035589
2843664
4227035
16359009
9041954
14161391
8555467
939891
878811
6100486
7427877
16044679
2045020
2446539
4668522
5353429
7146959
12210815
12362502
13328170
2602380
15732460
10749387
2038483
7829654
16283013
10519597
4486068
2093756
4847929
14649693
10758347
10975774
9533471
13643726
13262986
13784933
9335357
5238364
4690757
443573
4150190
16541992
12607238
7252914
8457756
4219787
13924405
8355676
13543710
6435022
3393353
15116089
5081637
14232150
5445469
15084517
15745101
13612640
10166681
12734635
15370032
2456006
6771592
7073166
8306806
2472581
267118
9065450
7108704
15199701
5540687
8740357
5601170
15389002
1352622
5441386
10825868
3495801
5294255
13409678
6320540
1535286
8204370
15938547
29603
8974541
5712792
15281958
11660314
12143459
4879373
13779922
12585760
796524
6872336
9969974
14621116
15776424
8082443
16283676
2764365
14183580
5769665
138933
2722316
3896111
9399663
714997
14340126
5680129
14981482
6917396
2799794
3461397
6030445
3525512
8056160
11485244
3848007
6606427
5799684
16561844
6401551
14858644
3409660
7645855
5421500
6662084
7238368
4721109
5455489
8229312
14870454
11126592
3248032
4910112
7333043
10388896
4812000
1164189
16562011
8984557
14182183
15157813
12655524
912840
3810810
10047202
1809413
3901970
6993575
9416402
12897799
2145256
12141716
5278945
2032232
3088525
4415722
1848749
8719089
15708002
14480528
14888401
3869079
1560205
16586912
11454821
10188179
8784749
4725285
5501882
5016840
13909274
3383800
2677888
10496013
519896
5891425
13751953
9152370
398892
13865349
1743495
222918
3993495
2900889
266563
609415
2128098
1270839
15068792
6717707
14472773
2510802
3356648
6944438
14107417
4249809
14808436
3611938
12275046
725326
4508826
12223647
8959368
4139158
4148301
3988134
12383049
9560755
1093732
14644517
11780143
59708
2460846
16441211
14879839
3707592
10316955
1497178
7688017
958639
13226768
8949276
4836195
14365117
3265191
16099536
1152429
7995213
8459327
16421690
8801376
14785255
10297000
8729651
12885026
7565447
15429940
11054892
9443276
4197324
13597104
10966388
16455492
1414658
1498177
6018586
13800843
9949021
7110985
1063649
11389030
12995671
16135868
8465317
5413611
2213530
8798525
15687067
12657609
8510351
6916857
16500422
3626143
8615852
9925362
13090915
1164916
12416571
13926868
1863530
3145506
6662496
3696614
15124802
2729378
14472532
9909750
6458266
16776752
10672673
10292428
261853
15620324
15460823
147133
5292996
16425664
12175529
1574676
13163116
3133183
4151198
962268
7648197
10716815
13816770
15977984
2946781
5799594
4952525
15716615
13828001
7593753
8254401
10014427
16446016
13400313
3154832
14418148
10019001
8773692
1191769
13803825
162523
8599770
5135957
10749168
16445465
6218466
12770491
5884300
166982
14626189
15498719
654879
5823436
6935048
2695339
13576738
4999251
527758
1692576
9667388
10962430
1683570
2854151
11350161
5615728
6170997
9901491
1870529
10430682
15358585
9425644
10719353
14155738
9237312
3530680
4485988
10164428
2235571
9435476
11086176
8088530
2620224
9397470
9328753
6056046
10205215
14347324
8964599
3860231
11418699
2331968
8014204
13998796
905443
4527046
7760690
1720756
12922636
1005728
12592683
649344
10492761
8467479
3702114
16083548
9246531
10624437
15886899
12831522
1699240
11185310
3420013
5638115
16079219
10794095
641398
4664244
6369674
12534048
10139548
6454794
4975643
5740308
8960614
13759277
1959419
8522603
3824595
7098691
7507519
14535562
2987070
10656843
1608092
1001590
7591165
9047994
2256812
7787786
13170006
9251168
6243358
12091137
5155291
7873685
1357652
8243376
16627781
16132996
2677642
16302226
2654359
7272710
907958
14316649
2244054
1208966
3543603
12964086
5927639
536206
15871353
10445759
3128923
10618594
6612523
11497676
7809191
13253944
12281220
14492768
7841777
5981949
10513172
11709320
16337130
9631335
8487178
15867600
10361629
6000077
10476755
11157064
12648461
6795088
16561634
6898240
12044995
4483614
11452825
14164135
7123558
16102833
7539461
3832849
9810998
14984267
1768698
14904033
95452
7733761
9631728
15952942
5997301
1715160
14937810
1700707
7035541
9909888
16580625
12023216
3090568
15411475
4686961
3439138
3295173
4195053
14141410
7552352
2446772
11498414
7167768
7451244
1500495
3668773
1851085
12103122
1509084
12252597
5036115
9016734
11124888
16070937
15656993
12164782
12575321
9010288
11658653
5109453
2811610
13089611
6623503
7148491
11989385
1239423
8212461
847515
3632668
16187389
5718009
10543373
2221705
3405530
5239347
14701790
6332711
6241783
15674957
10322568
4897303
1285542
1708454
40914
9296854
13547266
11156952
10808324
4344637
1775721
12595994
11496034
6544883
14775885
5255862
6097773
1957527
11790320
9661950
12976382
74229
15115297
5298738
10304009
2140386
9692903
7307002
15108847
4841010
16071061
4825173
5156896
13846275
3272423
13437388
11287234
11794317
3302773
752299
10613922
16668307
12731602
8910633
2102949
3791262
12191820
5502211
8590117
10892009
11233768
1255680
1177600
12200129
9240082
10380993
12681004
2602788
10916518
6735247
12528181
9997260
2708216
7731003
6650613
6562878
5880515
6666564
3177058
6641369
8104230
3447882
10817871
14975819
4367137
13889261
9247092
4214538
8469486
3512870
4591665
1845646
13515832
15165559
5388984
2677937
9327600
9283582
11572838
10078689
14683797
15535846
8574509
5711980
9128119
2913764
10560950
11884920
8169294
4785830
15123225
5393409
14650974
14750395
380444
12959351
12645544
3911141
16035419
15266836
9733793
1850814
9945660
13891377
9659649
3681583
8170499
1345522
16597306
5730292
595486
9537489
14256731
7105116
284267
292188
14934246
11207617
4489893
8336054
9129127
4111256
5412142
5443510
14069496
12970097
1326352
4322938
9135853
8601876
2363044
7925039
12521859
16476421
1326295
3225670
2918931
6389536
9231136
5903360
10626283
14743236
9697739
15702433
8319255
11566369
3285873
4674989
11509151
9758869
9630892
2153975
11700739
10123250
250796
12040174
866388
5006225
16626475
4177273
7072915
12520284
3000330
8808707
9822133
9856651
11729490
10200703
8215130
9079013
834318
8489354
2121240
5063663
12993157
6664812
709707
12601996
4310519
9598475
12646070
3129313
351501
2335217
16170891
2913475
2669642
10049387
7424497
278157
6911754
6939022
6069492
497957
3862507
12749823
4944655
260543
2390413
5391629
3264307
3787529
1418719
15808703
3784078
13367008
390061
12512823
285206
13064369
13356182
3002709
9113045
16099067
3314220
10559877
6759089
14332272
12380720
8406551
6860388
8907899
6720328
7696710
9012656
8458974
5203285
9181183
3402409
4302244
16691202
15888089
4895704
14001450
4358736
14682193
9599108
12394339
3015149
15575971
11982825
16073173
4246237
4989754
5645494
9629137
15508199
6899060
3969994
8596902
622470
2369386
7816818
1634743
5480543
9001356
11640678
3269218
2519553
12826480
11851902
12790535
9764167
13634703
1034450
3432273
5140863
7888457
9694362
608857
9493638
2483575
556023
15293737
9502289
13935834
12712103
9886838
14559433
14160822
12416990
12897638
1473532
1031842
14349447
11889680
9132369
9755419
4837817
9258485
13880489
9582294
10157639
11409354
5537200
9220954
11768294
13756570
15177567
8786663
8465602
12030731
6125751
8304474
362736
12285085
16699730
5218978
8061707
10460051
10123407
16425548
8778509
3534807
5983489
12557423
14920956
3499343
5556527
3832947
7474172
15405094
9149065
8240700
5883759
12947821
9952997
11122232
11697855
795706
15584431
13206950
9491040
16586219
9653643
9875605
5529354
1410010
2657934
1269817
9411642
11652029
16333411
3317892
1901611
11838306
8552870
15361082
13481401
7451877
1248764
3837304
14845924
8935626
456903
7823128
8110234
13676677
4254744
4125677
3167541
5388165
11071485
8955343
1579019
16075210
13330708
2941348
9123586
6586604
4748713
10389065
8032100
7451034
1997184
855124
2878405
10073625
768514
7155735
12867106
6468081
12010971
8366025
10544477
445277
8104501
5605344
15080996
5112405
199284
877189
11207118
13872490
3648002
1655531
10912964
2650411
12180779
7065447
7396899
13928816
16151750
159665
7271753
15956363
1552513
7500558
2577956
13470349
5464462
4530498
12908164
4242775
13151331
3379926
14381219
14425536
6435842
11812873
4774720
11615732
3345818
8282898
13020388
10786259
13075835
12438937
415021
72031
5076407
15112319
16359424
6455841
1819252
6781317
7192587
756302
6166027
9152410
13140772
6875848
958531
12378124
6369073
6202067
7947678
1626136
7761657
6917732
8885595
6427657
14020398
13024534
1276242
2188390
14185871
11596299
8418012
4633103
2662298
10871398
11438025
13685325
14751362
5294725
11566434
7214212
3660819
10251408
14770377
1748740
4120954
13708010
1731585
10982934
713155
16757977
6783858
8487196
4824230
7887743
1203697
8777655
1061905
11187360
16645595
524291
8261418
5926904
2133270
15469376
13889584
10909087
13398101
5433500
7511387
920949
10901511
7426072
13471553
1705607
2216914
9344714
6138391
10849180
4985964
10552341
13528940
15512622
1457787
2364090
4450101
9821837
16512730
1641931
5401111
10145582
9180088
8045760
15298491
8836777
11920972
10504431
5424958
13720840
14185878
13826128
136647
15265633
13811195
7905429
11929840
7148675
3210474
11257059
12833572
14924822
5742157
8772592
4525080
4233145
9739443
259962
2429372
7707938
16450000
3004288
7086108
6060081
15950824
4947650
11675067
14663837
4445002
1817320
14367065
776195
12738072
15739301
1258569
12380574
12513032
16247186
12512610
16603470
16312264
1533000
3970471
8983487
10011993
15398809
10815681
7768000
7128058
1917942
12059834
561907
4074108
7401809
12342293
7041264
14795751
3509833
13635294
4180961
3511401
8104340
4933620
3971122
14182907
10339427
4691402
4014406
13677464
2444908
6908231
12729143
16676967
10273568
2746712
14016122
14677873
14060229
7184868
129090
15392631
12551267
6887360
14516016
5722148
15580743
16768464
13906984
14652929
14491228
5514831
4999944
2328936
1873352
609554
12569004
304968
11743884
15954117
10060494
10154781
10081337
16225808
4073793
8005495
848027
15168398
664608
7170411
7683215
3393806
7857546
12012134
8323959
11572291
4171030
4880162
12607180
5837099
15277019
4291669
15090372
12064825
7717780
3507772
13682911
3580574
5205943
14191359
9015176
3064096
739308
13982426
5320493
3873495
10949014
4170022
3682670
978772
12081318
8929579
10085019
10753012
11962940
11766809
11889798
13166483
15041289
120251
11445095
9750211
12726020
15102770
4912716
11918897
6092390
4610085
10656178
8726230
835293
16234706
10321081
2676132
6754474
8944169
11060518
207296
10952592
15899986
6489098
5939185
8325505
15810519
9861221
2782978
304908
9408280
1336658
4403400
16150519
12094967
13273019
11070839
5065963
4909498
13919862
9125741
2927973
7893249
4073725
3404210
5601182
2434350
10722700
2915688
426826
6196228
16442011
433898
3180903
2477391
380327
9526479
8871074
10654685
4593777
1266710
12934197
13573232
16204671
5295939
10993049
7342699
5259156
11529164
4224906
11522646
15377719
9949625
14398607
14393448
4053327
4067419
14697428
14145440
11705226
8574464
8154581
15243393
351100
9380988
11620971
5332572
13110795
3549216
16364211
16302380
1096254
9886733
14666430
5526839
8397623
8116601
4754915
16298607
11418400
8032406
3980425
14658612
6635211
16210756
7489914
12834510
10883935
14962883
8478510
15777258
4467100
3834234
13377502
9696382
4278029
13613855
9911843
16321458
663082
9303123
6962330
6238833
1817832
9125579
1937702
9819560
15145754
9789164
13131047
6756427
8047908
9127336
5997788
5287215
9841291
1201910
11938375
15203914
596103
4189006
7038944
16508470
8109327
10815305
5717535
10829734
6021310
6280689
1286707
2303482
8465626
2898643
8774544
3310272
15750641
10818745
7325140
1480684
6440366
5273110
11800753
16314120
3292112
5593554
13735004
14243473
9590346
15915011
11249424
4844486
12369142
7483659
6819193
1329393
13613408
2304452
14335548
12078265
12876456
5138279
9673543
1900263
3741952
12059218
6228937
14618433
2802573
13178633
12879867
14285237
13307329
13945663
12123285
9920044
2433469
16426245
11853875
1487998
12839161
10962514
11381607
5429685
4454559
15812404
4080980
7785948
367524
5390260
5077250
14081204
4972451
16023495
5072673
4020671
6101035
13972630
16138667
7776277
389730
8019757
15063317
13439941
16404407
8726467
8939373
15406967
16606171
1465529
10600578
8535711
4171658
3035696
11525861
12703808
10608625
12983043
353815
15488432
6626810
226472
8078331
3069859
1589835
10277092
14335049
4683646
8095476
9799625
11971951
3395565
12837421
12035032
12718782
16136331
4392244
14588648
10483749
16566810
5593749
8460110
13337666
13943313
4279594
7127260
223761
2962380
8112700
7857477
6809607
11697512
9257292
4083450
3523631
14827894
6352522
3752885
9976667
8599685
11613894
7037857
6922981
14340514
11553158
3965596
4941939
10611768
3868269
12820676
15000859
679523
10727694
11027202
10669090
13746945
13075719
9041917
2657847
7110660
15259081
14416105
15847098
11733077
7841942
7927861
2382184
10360302
4414778
3978354
11520759
3743650
14384942
4953256
12845363
16542727
11010174
7654891
5013931
13395271
13024799
1522422
1696695
8616513
1533036
15438163
4174937
3688882
10073784
1085839
8921775
15935744
15938976
1903148
13209611
15174162
1550987
9633270
2139766
14085745
3565292
2747813
11284053
8521610
7405308
15966955
8568642
5569692
5559973
7351834
2550613
7687197
9033640
9113480
3106678
12342980
7213855
7662747
15727650
10400117
10019515
4169300
9420845
13827466
5508658
8328265
2698146
15436074
12080454
2988512
15603310
16623587
10352757
8364340
12359864
14971629
16638302
532288
13558616
7125382
7951136
8684892
14991862
13793120
7764926
4385448
5038081
12261584
5618527
5481957
5028507
9911112
2415494
14764442
13499688
7450090
4409484
1248731
10102469
13646988
8500873
1309770
8644217
4766880
5998765
13386966
10843811
11919748
7892346
2769236
173724
7436345
3039964
7606841
2183890
11876241
4574935
9636312
11287656
11438033
16233701
10079230
1902958
3300024
591473
10799914
2270646
3670862
10676150
6909056
6246877
5309523
11229718
7226387
9641504
15079917
15135203
16294589
11088090
11828847
8998176
8686518
11159418
4989124
7135561
1130561
11805916
11151213
825709
10416069
7234937
5980427
13637377
10858683
1779510
7370600
3855200
8298162
10027367
13430399
7365960
7280638
1106892
14778808
10512218
10936150
14335300
470168
7389295
16097382
5129607
8309013
15095699
8529283
10439269
6423836
9052288
6337319
9400057
8499308
7796365
1969576
11424576
5659726
14288017
6519262
1725242
10772608
8095301
4385548
3055654
5249029
1077056
5752960
15610579
8970462
2728331
851707
9058508
1203491
10265837
15074152
13647582
12603025
12197498
12830675
1456167
8107816
949006
8576544
14159357
426637
13382404
5278788
2352001
8851181
4082640
14784102
13241841
12458703
322090
11147069
10690125
13691700
8377976
12562193
2292285
10798976
6594228
8951087
9320603
2635500
10180379
15626967
10289258
493163
8846050
2840267
16599646
10388513
531706
13561723
3602827
6029933
8766998
6894653
14225324
2937276
8368954
652204
12457872
4893074
1133374
15576534
6210020
16006024
12219792
9937876
9335826
3076573
2257891
14824899
11997909
5894908
12279863
3068364
13597504
3602070
618963
13256259
8975766
8643424
4665434
14928377
10428235
10170267
10235759
13128705
1461112
893222
387720
7536055
13516969
7123966
11569586
1249056
12401558
12989106
12599667
3156315
15365131
6909452
14385587
8524089
5727219
14948639
16491587
670100
5863476
16642869
7407351
10007060
9658751
3969829
6368295
10878826
3819530
9642077
12492582
582012
10786558
7375397
16604514
12200232
8213296
14045240
13609539
15600518
2765240
6851448
6341548
9834920
8849484
2075463
2655739
9246479
10837209
13374524
3697157
2698362
73451
3014840
1313723
5282249
10649093
7600444
1595876
15514910
6328780
70630
13473062
10934812
8963289
7407536
1546696
6508404
10921602
9961559
10954390
16243283
14978078
267
7661859
2141455
13261851
5686404
10590523
4241771
13228027
6215985
13528791
1886246
16673639
10788795
12777709
15539710
10462924
16229629
9324598
12416445
7627073
15797377
15460776
1952640
3926208
620287
14168612
2106607
7450554
654958
14211433
5852669
8813389
2998453
360108
54103
1609097
1243441
8542771
13828290
15306629
8434759
2304370
4991910
2305410
16382906
11767346
14611987
3514770
3872324
8160009
10043971
16163788
13113754
3496048
16583805
14977376
12109382
8834441
8536939
8057931
3227772
15931741
3609655
8996788
4447068
3362438
16113039
9319655
3773612
12933369
2605336
14440956
2521810
8105211
13104516
6995316
8379736
800704
8475612
1990056
3091728
14413768
12144518
5545546
7685153
14496556
2297836
11330666
7997919
11935909
4245898
14725528
8740778
5209034
5572052
16410702
10423753
13594483
965235
9860710
8343011
3035329
12625014
13093855
11836571
11500818
15153086
5427284
13919403
14473002
8066506
7351938
2125069
12580149
14857343
9823888
13279643
16624097
4474177
2128949
2788100
15636006
10554635
3533999
1103838
1629922
1863317
2686554
9949261
16170706
11373839
5688191
7429803
6830344
1015834
16072609
9700495
1269238
10370390
2160858
15588895
4048888
4411940
9021277
10354823
9862824
8401169
9653061
9596017
4236430
12303911
3280010
5806889
5298927
3400528
11073978
11736912
492494
14690000
4986719
15326217
2018744
16655152
14190046
11606840
15787028
1861225
9636430
15039075
2044520
11510589
13148453
12458185
3652294
5381639
2898706
11783094
14235380
7549763
2639123
2407831
14915951
8378333
8560265
14007752
8568546
8826307
10213145
15079089
3884612
16582073
2103749
6122537
11296932
3312969
16124239
7791049
9009135
14886189
6147747
11430660
7535154
12566879
13520009
15813194
3226785
4646520
494393
13369417
9921480
5468654
9956338
14748116
15153590
14414638
2936956
7379905
4967999
11944210
5152698
6791848
11554565
14257439
13684499
4137865
13110905
5034954
9695894
387427
15147775
14059578
1702753
2209719
7015885
11441923
9344427
15661393
16456839
9653592
10406924
6475315
9703222
11199246
14734972
3517267
7928081
5070965
15569388
2712778
13013331
1802573
13711335
260717
7203248
12974958
908242
3838006
2736809
7809678
48783
7374468
7017803
16173733
15921956
1333062
3716806
15996409
13586109
10358936
6900667
10862373
15349611
12805911
8611283
2413205
9574902
12466610
10504490
7159320
10049683
768418
10412350
921494
16172076
9879443
15912763
2343095
338212
11722706
4294268
1306275
6576438
15427704
5971127
14400008
5996793
8230834
11463554
14206860
13843540
7571255
13555171
4207737
13924968
2582871
13476561
14559474
10444033
8661099
11840926
1458260
1476487
16199007
2427133
1668532
10729930
16393662
3586990
11892984
1254709
11766347
16281418
7449782
7242999
15205964
13775051
9818400
15860766
5022365
6337174
13825085
4567226
11911875
8540544
11611448
2168086
11191432
623011
6365763
12451140
15315022
5093451
6446054
15787044
6957977
141269
6106349
6578672
3379854
8223051
6943855
13509282
16407563
3752804
951576
2331800
5112651
11170287
16073997
13939945
9112852
4951144
13424299
393780
1719721
3124375
9795924
11392354
11206256
8746949
1243619
14912489
45389
3642809
14321939
3699489
4808207
4832700
12297338
13972649
5413844
9043422
10612864
16320681
5658388
8916006
13173935
14889490
13808967
5087345
14339808
5610869
7226201
1006105
14679000
2833166
10377108
4103102
717408
7778057
11776397
2205407
13978748
12067477
10816674
4187287
15083644
6937111
3284816
4645910
8072705
12023144
13709616
8022722
144215
1629375
12732874
10035758
9451997
4393441
8882659
14090101
10618497
9267896
14922143
11102405
9372696
13298399
14743214
2689705
3487126
2974084
15618082
8183081
2474413
11441013
5810109
4217751
5158481
13730620
15048168
3016914
5407217
2534523
349416
11797617
10598812
1608702
10200494
9030366
10053029
5987037
15013672
7822780
15261780
15426797
3392450
13811600
2133846
13837682
10295890
8594797
3431235
11164177
5633652
8542551
11139509
10144177
16302555
6510331
2025814
12720038
12164704
4505871
13551003
6427025
14873371
14188971
5843915
14882437
6382164
1133831
9592179
10630237
11463754
10524701
14083320
5667703
13214275
2616636
11259252
4219816
6385052
12018258
6164051
2722090
16073264
16174103
15778444
11751615
3909372
8152769
10440438
8575747
12783723
11715632
6672499
8203326
3273363
9750900
13253010
1101774
721898
7006480
12207288
101219
9575781
6125971
10993255
5571822
10536451
2687432
3394338
8987000
1036402
2217465
16526561
13299948
3159867
2035657
16695141
8113097
16597429
11357141
6848511
13685445
2645354
778020
4904922
4177876
14041990
5417000
4069759
2578433
13856934
14853985
782705
15814099
5451063
12432249
8029187
5380148
16180563
2927121
5774746
2409604
7295573
10752420
8497882
8229345
8605289
12147096
1849178
10592634
3344288
9141422
14763149
5685076
8403982
13423679
4786622
14906124
9321550
1178841
3732992
3300359
6076032
12847699
3149544
13599807
13251268
1819893
9077962
2716521
9911991
13134766
13069870
14633475
12978198
5868677
6807532
7568166
6034356
3608420
2880686
12714789
6709785
16289384
2872023
14217182
2243538
5176264
5024174
10184488
11390622
15109845
2853032
8631079
11640623
2526349
6060958
9255786
12587102
7442723
14399435
8866823
3211788
8522815
3965000
202693
9387053
7444006
2251361
5377932
690522
12609334
1577226
547432
5894387
14654426
3403348
297209
15152008
15485934
2252506
16661931
2009225
14764854
9957934
1076567
1543811
13356834
8520676
13003078
1827886
12818277
8325581
6465659
14786328
15140136
4796304
1328024
15143656
15110453
11132147
5232342
5788027
7250955
7160040
3957109
11894261
3972569
3944893
9630365
2617256
6866410
8093324
14413897
2622738
2044676
10589578
6335524
10012401
10865562
4393478
3608987
15159285
10381185
6450469
7797395
10175102
1535427
2787849
3072268
11167888
9398719
3127297
14451038
15133824
14639367
4306945
15637220
10263945
1564653
2614793
13358556
1714312
14093495
14171724
176787
6674938
10843268
7286277
12506544
3684672
15691314
1766407
8794704
10718957
6017028
5740051
11262810
9578840
4090376
4049397
14992029
16376126
6852404
7751812
2127103
4214458
45637
15250906
3031884
9424674
4566736
7384179
2677566
8869870
14413540
6907361
5159489
14928112
10182055
10944657
13575486
10245066
14878598
12457424
13744352
12276577
185349
6553730
4447947
14081710
14596899
12240415
13320122
14896412
13343240
4920105
8475853
11368324
16728456
13931540
8348901
10504198
15089587
14511755
12153692
15260336
10125931
12304858
2106046
13860453
7789676
9265195
12991662
1895265
10850771
6781591
10305690
15828027
14217646
15266228
1454678
5249551
15798256
9402832
165140
266824
16358623
4088714
13474060
8946834
1523307
14044554
14038190
7138377
5856820
896107
10316506
10029909
15043555
15043121
11294146
8143120
693462
6503773
436747
1359302
12056060
10612140
4644546
11478383
6967885
7940448
4925378
4798684
1950909
8148344
14961922
5192816
7791903
11482037
9352989
15540185
10212415
1491672
4817989
6332084
8687491
1207765
8258099
9309054
10667776
16020062
5694897
5549483
16050283
2578222
14035076
8431103
16342083
4682422
5483391
7143903
15202051
13101683
13630974
8642082
14796451
7540840
5488071
16460345
15225388
5731671
1968013
1771049
5827928
6696302
14493098
12016296
4193389
5915702
2695453
16053969
15156830
2644491
11932716
13927843
9326187
13574978
16760740
11404342
8186361
3728841
11217641
15686092
5194952
14858095
13642123
7644795
4436780
9015822
6670781
16566573
14266885
9098082
14207176
13558401
6029336
3709205
2060705
15555903
16773919
531115
10415212
3523699
2934658
16100658
4827152
12542857
4813369
16128462
6314630
4472693
863419
2156618
11650015
14575521
4084293
2492516
3394287
9801014
16529948
14519083
6234929
3964753
5690359
7912283
6580133
14096019
10051034
10281540
80235
8921275
8222578
7831458
1760376
7025051
1831121
16515306
14039051
11841108
8819471
4236787
8301983
14995477
3472196
11594244
10376911
8740902
10871735
1065157
3522472
16144148
2682630
5725242
7917077
1596590
7228359
15080331
12230543
211419
11175905
4289641
8872824
12484942
8060102
4665893
9581116
5138805
8891715
2993561
7680477
6736997
14358438
13746280
3416641
8914490
1714901
16602912
6900588
2474376
16431990
6970556
314519
7050470
1149613
3268954
2591920
432887
1027770
13594815
5776848
15422414
4515692
10696504
8592502
13107629
5337409
5047557
275929
4376365
7251157
4397670
9034827
16716542
6922847
5209648
15762449
838672
14905465
1573754
5806234
15602535
5478771
163065
12914694
13228615
8124160
5028950
16244315
7043482
14145670
802261
16217857
13429757
5033463
6200535
8169108
12927647
14815236
14568491
3701376
16724971
15049231
4674580
15723851
12440041
15415809
4732132
14982257
1284996
12896558
10895088
15569113
16058344
11306780
8776544
608504
15052449
2956310
10414235
12201164
2261127
1780564
6444038
13109365
2708008
8582091
13595291
5844886
4293690
2300875
2924131
13012868
5875646
4536298
8767714
16305107
11308957
12125947
16025976
4031678
10531051
28954
4129520
14965253
5633230
8898835
14985797
910174
13029474
9246129
574445
7964147
11970023
12255501
3778951
13220391
14685568
7278374
3598332
5313038
2891221
1527105
11686083
5183560
5510691
16138548
3423616
8554538
7847701
7221505
3370127
7466536
7144095
8971516
1801769
10105872
3185659
2448973
5433034
10628819
14445110
12337385
9547576
11684264
14927992
5510847
15500232
11158272
10163794
2168755
5630177
12845712
9992423
10771454
11004290
2143938
13140645
257506
11434042
7444249
12266723
9587708
781254
8283404
5867620
6778453
3953288
6926151
13826509
3779847
12295051
9420203
11494969
3967428
16115834
7356427
930682
13569308
11980652
13997958
3246598
2512021
4375998
8350310
4655919
14312267
3685843
1703103
12755178
10328429
3128309
428197
5303074
10986274
4020492
16189986
7612907
15385383
10116663
6201082
14076767
5671371
3281821
10291297
10214728
14326340
8310093
5674143
10769228
8823300
11753273
9987737
16320946
5904568
8424311
7604577
4958025
16675361
3699736
16097757
6861525
866306
12439803
6993182
1950638
5990882
10849694
381572
2050835
2801599
6034523
6191426
2099962
11985025
9689246
3966257
13326829
13334639
9395196
8917418
8563992
5809660
12750482
12692451
12693061
4832054
8407958
657710
15281266
10177683
15571916
16643492
3970150
7675891
10586757
16530
2999407
1133278
2055933
10770264
2162892
6762077
6457056
1847109
8091875
7520296
10389559
13833984
10671934
10615304
2219259
15595670
7371095
9975631
15260093
110569
8245979
4117872
8417024
9523856
15010043
13684046
11396408
6227042
153293
14600780
2766913
930802
1463300
7463947
7336446
210262
12846558
10199644
7548957
15173782
15286245
13793687
3266309
1722855
8202589
4233333
2234720
7635520
12880391
12583620
9516055
4756498
15263163
1578991
7438589
10954800
12064435
1490352
5179824
10841860
13170408
2806639
12021983
14388776
14062477
16091197
4635364
15992433
9574862
16501946
856337
1986473
6546245
10733113
3243552
8688727
7642414
3495348
12552798
6347383
16560920
14902096
5805770
2579845
9246991
5595723
14253336
3054910
3979170
2171570
10037889
14925454
5171879
5510322
16600607
13391512
11029387
16566869
7610806
2691120
16327345
7176310
1241791
5012782
837084
14348174
10446008
15055567
2937772
14807932
11401800
6619839
1860612
16259101
3016000
316016
12457111
14985132
8028312
12994975
13379049
14253157
13426556
12167032
5341528
3996682
7802183
3101845
4903190
7798770
10556136
10497523
10350343
13688073
14593641
1499500
6612392
3605146
3820235
15548514
3261315
10388557
14547774
3976778
14503337
7531325
5050393
11373128
14930383
9637749
14358693
10806990
529509
3841380
97528
12464349
14234266
6140721
12321931
2631010
10773524
13540901
3938592
5739102
12082375
8958658
13699897
9814583
12166844
12846251
13351706
8055512
7241465
14790300
1099979
1334242
9372734
8625969
132089
11257493
16299852
3942756
2245626
13729416
2029807
5369368
16715791
3140464
37942
5208911
16722419
10250605
11483461
8282915
1658471
4524708
3739563
8852105
12076616
9382319
14763153
6959264
6044599
397637
1378307
4863478
1449942
11931604
13438590
6891285
1998671
3076295
14647816
2027053
3333112
1669738
7608169
4370431
2826131
8684151
14677644
8504525
3057780
9129751
709907
8919837
4550299
7233796
12747832
10230651
2257265
529243
3276653
13908103
877490
6143774
8375054
7624384
1194939
13572515
6758365
2656137
1245067
4710327
5353623
1553518
7742409
3633825
14516736
16124095
12534624
8507854
2861100
2707987
1892604
5167649
4756912
12641198
43406
11759876
8851508
7018823
4416573
3366010
9154505
7146537
12284404
1943900
14454914
4067587
821765
16598326
10750348
5041482
1445856
6717314
7289704
9973038
14178256
10260848
8272678
6780536
10913705
2964629
560360
16294549
15123426
2312492
16270356
2276897
8129296
7995856
11346432
12894031
14060137
11432976
4548247
10148336
11216344
6597292
8508227
3673229
7157924
3261857
14703481
6145911
15759793
13525501
14506259
12186439
8660065
2361212
13528360
15870128
7515127
13923879
9137504
12450412
2364699
13047763
9985699
6917928
3929248
9309515
5957609
1633009
8747038
12534391
1677962
1046761
2403702
12781356
15233858
10141266
14868763
11030697
13019564
809856
11182368
8888480
16356443
16560886
4354193
15452258
15807221
3155642
3157677
11605054
2489079
3071652
340397
843269
14559722
5274914
14055332
12912502
5383702
3488183
3003163
2173049
9710684
14411349
15875516
6633736
752238
7959771
15323094
727242
8886237
9042849
13200199
13813961
13481554
5575225
75122
13234316
6001989
13297283
12697078
5126512
15654132
10163819
10132430
11876868
2129227
7175391
11617766
11474648
12617601
8713339
2399802
16202465
9768584
6386411
7302540
7844092
2676495
4381133
11045303
2314599
14098685
832370
10978350
5200009
9483638
15709720
6117281
3894879
4239202
3014102
2001780
190834
3016966
4911750
7323163
11226338
8237081
14647800
13990212
10513138
1161417
9074604
10452554
12539375
6886701
6485525
12757604
8544565
12897399
9509574
11201029
10300064
8286791
7369450
8038377
3697169
6520926
9714889
7201084
13766666
15425389
9276581
3650568
10913815
4167672
12898890
13004933
3551146
8424064
13092243
3351457
3188029
16380909
15424755
9492460
14524652
12678897
5057154
10235677
3785067
8512107
10658396
8076149
14904937
1718488
14422583
8400292
16630794
16221455
14753445
12255142
7604912
10725279
16315083
7214900
3869262
9239963
6311027
1556270
8858876
14124635
679074
2483209
1691028
4792066
14803454
16100204
11767148
2154024
10249631
4339351
1594474
6533107
1112335
14357591
13220512
2898107
6370902
16420321
10614319
8348348
2685257
860461
2528333
15039654
1368467
2126711
13844457
13618097
14487817
13145089
1505720
1478564
4470926
10395079
4669149
3190416
2456407
16503037
11716014
10634246
8927141
8046319
8251498
11129011
16294250
4046648
14548508
2061167
11164283
5845202
4008551
580524
8246840
8820603
11379675
13015433
14815383
11063252
12649828
4627746
13418646
1028991
15251259
14250289
8913069
3740616
7606996
1227027
15718969
6168664
7473099
10279263
15490475
845347
3150188
16569398
5082851
13941460
3476123
16595472
10696519
13370707
3235
10475614
1147253
9017009
14556538
1046566
7395901
15916794
7097211
7516177
11440434
6486162
13780061
6249450
20420
13170044
4578738
8870576
3578613
3553828
4019457
6391725
16403103
14185054
3849725
15303091
9446675
9239023
9997515
16546142
4654104
8553671
1233688
16281250
4548229
4414490
13182809
13208955
8382007
256398
11936282
5058027
2266451
14066597
15358869
15724217
11305036
8857569
1850365
1701175
4555203
3735991
15810639
14249734
457034
15715658
12099190
11513905
8810662
9845661
12714773
1613033
9290024
9482190
9134666
716119
1237633
10417540
4359356
10289351
13340818
7978157
13303028
7813759
3670338
12095072
12883327
5203871
10734959
2099889
5508310
15479811
4448266
14469517
9184197
3809415
3295228
4937922
10600005
11123046
1711572
22376
13229424
13322358
3202961
8576275
12638989
3277715
15483283
16249375
2624666
10244651
404800
10290848
1970243
4943532
13044489
10642553
12027918
2355133
13292301
8125433
6755317
8195749
14042698
11996383
8027620
11512344
16571445
575576
14505793
15303871
5407010
3704158
10620632
16015541
13472996
6970621
4242858
6036300
16622452
2254228
9572872
5329273
6086669
361316
14346652
13852908
11975299
9251278
7729096
5422820
6300249
2681958
10613551
16210577
1084344
4152228
9167794
14536264
7655171
9755621
2075447
14336203
2057352
8107455
3959441
14004106
8731818
13048959
3678468
9144678
8089754
5232309
12053192
6098653
12995346
13554084
11399464
3235806
16237962
3647686
2223365
10120989
3697877
13383004
11292222
1217333
8697289
7803901
11798509
8681979
13203671
8837854
1543775
1889142
13329226
2312912
15559673
5778827
6031159
12016177
16617944
14173438
7599263
12681312
16546489
14243922
1057615
8381041
12437880
385942
13563698
9714600
16086992
12128324
15410525
5187979
15855141
14623526
8895808
10437680
5265303
16695837
10869916
10809589
3522628
15223137
12646917
3372386
3099666
916693
2195208
14145688
6536107
13836899
13379914
3452860
14115328
15706397
8225243
15071463
15868994
16512361
1821295
999854
10220566
5230765
8452058
7758726
15890216
8812278
2827747
1666237
3629108
10191271
483989
15908476
492417
6939097
13183301
1596529
4574208
13499057
8621610
8900459
10516259
1815825
9314823
13146890
2804658
3998928
16175681
13432960
15031509
16317872
3340390
13378057
1092506
11395338
2056852
394289
12299810
10064731
12855325
7989012
2868332
45839
12205841
10339233
10284843
8378549
9974858
4752371
14048357
13272454
16206550
14664327
8972698
7812096
12493759
5282299
9799227
2913452
12120277
11424320
8280469
13848611
6656456
15837254
7260995
6675775
7900871
7921700
9533069
3593734
5057539
14870370
1145860
2902129
7975400
10593826
12540085
14103178
912171
9372065
14469919
2456973
11685873
5680249
2875474
2268893
884964
13178441
2333186
8715007
11946332
7759232
8737448
5087167
8252785
255125
10492610
10981225
11943325
9582055
1416465
4708397
13293770
4895453
1437712
4971989
3637899
15908462
12809975
7100234
10790106
9548951
12065298
6830177
15210044
300843
10883477
3851475
356132
12820072
7713237
4277837
3067174
4756106
8398641
12499563
2133342
4850328
4501121
15773398
3852873
7781052
6413705
14432537
14075417
13254012
387984
7463688
9001548
5410143
8463825
1599705
6254180
8204301
10736020
3403156
6527744
9674706
2140892
2540135
3430994
1785909
8642342
13449896
5620863
8865990
7428373
5706441
12523256
7088273
5586920
4996276
12544085
8699642
16603233
8208184
1899612
15037053
14515470
133036
9800834
9805831
2095770
6605819
14297785
3558988
14678125
10165298
9805225
11230965
670532
8692662
15370450
1108229
2772361
2385015
3087550
13730281
8289421
3460310
13504867
7337301
3001711
11101023
6761833
12900363
10766446
14927639
10786963
1603814
2017835
13156686
8763700
189074
14778455
15788334
13816948
5287791
8209597
14385432
9480952
2062923
14905822
14349042
884047
7131599
1861667
15651086
16057830
15911172
547468
584863
9884746
4732093
2558924
11883730
16387807
7267266
1010628
7820690
6071534
11175163
3656876
257691
2973678
4293902
2441280
12805349
14985330
3709059
6167186
8118851
14298338
11377929
12176669
10983245
15612497
13702272
8844733
4157743
14904745
7949023
9227976
9602835
4196247
7197085
2711533
3711759
7496425
16229084
4054033
10009708
11483457
7008727
4300549
15321119
11109990
1151737
6512582
11887784
11408593
15629258
16115892
9054937
8480572
16048188
8572457
8626520
7313936
1405773
16451911
5506269
5121152
8677623
6150466
2035076
16734100
10429406
12959272
4257547
4710825
12429695
2593467
4989662
10176297
11686865
1780989
7326090
979666
10801579
10861535
1196245
8751022
2316798
7678906
11312310
2797179
12148742
4104979
9166007
919768
5209731
8647418
14410527
6536207
11854472
6545791
895893
9539007
9575643
12780828
15378592
1980399
7856287
15028120
14178948
11743479
4948484
7777029
4207965
2384909
2876000
1487065
1978262
471548
9363064
9427849
5928161
15257406
2639746
15747846
12499278
12293438
616542
16350163
2864589
3147179
977911
7378587
5966928
6744339
12899333
2560920
7907774
1403580
8288451
14367604
4135478
10258191
3581049
4955434
16230618
4469697
6190259
867840
12855467
2891038
10341868
7968438
15094889
3012538
